A_id,B_id
1019,1993
1022,1946
1028,1650
1034,667
1037,875
1037,1128
1037,1135
1037,3011
1052,1039
1061,2225
1070,2063
1079,1100
1079,260
1082,1807
1085,1094
1085,101
1088,1782
1094,2527
1103,987
1103,1252
1103,849
1109,117
1109,2088
1112,2421
1124,2905
1124,208
1127,2873
113,1304
1139,658
1139,2512
1139,2662
1145,1328
1151,210
1151,1264
116,448
1163,1469
1172,16
1184,4
1193,1594
1208,303
122,33
1238,2400
1244,1766
1244,619
1244,148
125,106
1253,1445
1262,2988
1277,2894
1277,1738
1286,2383
1295,2194
1295,2594
1295,906
1301,2057
1307,2796
1310,921
1319,1656
1328,165
1328,40
1328,2257
1331,2224
1331,1780
1334,30
1334,630
1334,156
1334,3008
1343,2472
1346,142
1367,2995
137,2590
1385,496
1385,567
1394,802
14,3046
140,2120
140,2714
140,495
1403,2150
1424,1268
1427,2000
143,61
1430,1955
1430,814
1430,703
1442,1036
1445,2359
1448,97
1448,593
1451,1845
1457,1044
146,1876
1460,1731
1463,615
1466,281
1469,926
1469,139
1475,716
1475,46
1484,155
1493,598
1493,3024
1502,1117
1511,529
1526,48
1526,221
1529,1484
1532,865
1538,761
1538,491
1544,147
1547,2561
155,2943
1550,928
1568,2310
1571,144
1580,31
1580,536
1589,1348
1613,1299
1622,590
1625,3059
1634,1214
1637,1821
1637,658
1637,2662
1637,2512
1643,1655
1652,1189
1652,1646
1658,3009
1661,2191
1676,341
1685,1000
1700,1266
1703,2769
1709,1180
1712,3060
1715,572
1718,1251
173,1788
1733,133
1739,3072
1745,1039
1748,315
1748,1274
1751,1925
1766,2060
1766,1311
1769,749
1787,169
179,504
179,407
1829,832
1829,415
1835,512
1841,1029
1847,1357
1850,818
1850,2375
1850,2317
188,2770
1880,135
1883,769
1883,882
1883,817
1886,2473
1892,431
1895,1006
1898,1319
1901,2042
1907,58
191,1527
1916,2602
1919,1619
1922,906
1922,2194
1922,2594
1943,1306
1949,1254
1952,474
1952,606
1955,1103
1955,2569
1955,2448
1961,880
1979,506
1985,943
1991,2923
1997,2593
1997,628
2,3001
20,1756
2009,1200
2021,2945
2027,3087
203,637
2033,2460
2036,882
2039,2033
2039,687
2039,2124
2039,2912
2042,1646
2042,1189
2045,798
2045,128
2048,418
2057,2257
2057,165
2057,40
2057,227
2069,906
2069,2059
2069,2194
2084,522
209,124
212,1976
2126,626
2132,2449
2141,34
215,686
2150,645
2153,123
2153,1459
2153,17
2168,1667
2168,1171
2171,209
2171,28
2177,3060
2180,1691
2183,2393
2198,697
2201,330
2204,1185
2204,1582
2204,2447
2207,552
2210,323
2225,290
2225,1618
2234,1838
2234,217
2234,2500
224,623
224,457
224,694
2243,2008
2249,3015
2252,976
2267,1246
2267,2484
227,1198
227,1062
2273,2079
2276,2333
2279,2989
2297,997
2297,1538
230,1640
2306,321
2306,1553
2315,444
2318,2989
2327,1840
233,153
2330,258
2333,1037
2336,14
2339,2560
2354,1247
2363,2762
2369,1110
2369,391
2369,2212
2372,1266
2372,1450
2372,1282
2387,2553
2387,1711
239,1366
2396,2515
2399,1799
2411,2147
2414,366
2417,1637
2417,2994
2417,2887
2417,2774
242,1893
2420,292
2432,1977
2432,1054
2432,2701
2432,2841
2435,2189
2435,516
2438,309
2438,344
2441,132
2441,183
245,2717
2450,685
2453,1025
2453,805
2456,1102
2462,140
2477,1738
248,259
248,2047
2480,1245
2486,976
2486,1049
2492,10
2495,1016
2501,1257
2513,1734
2513,1811
2516,519
2519,2611
2519,3081
2519,969
2525,1285
2531,1831
2558,556
2558,66
2558,1905
2564,1534
257,2314
2570,404
2579,101
2585,2731
2591,2492
260,982
2603,1408
2603,2755
2609,2945
2612,1686
2618,707
2618,1473
2621,2429
2624,880
2624,2420
2624,2278
2630,691
2633,985
2636,81
2639,2092
2651,259
2651,2047
266,108
2672,433
2675,1280
2678,275
2681,36
2699,2267
2699,929
2705,798
2711,3041
2714,2325
2720,2447
2720,937
2723,1315
2726,2979
2729,2438
2729,2471
2732,2356
2732,739
2732,1695
2738,862
2741,2950
2744,908
2750,261
2753,49
2756,2048
2759,1690
2774,918
278,716
2780,1434
2786,2596
2786,2787
2792,1137
2795,2855
2798,470
2798,211
2816,2591
2819,2253
2819,1717
2831,2039
2837,584
284,1090
2852,799
2855,232
2861,1621
2864,2161
2867,1892
2870,455
2873,1896
2879,1652
2882,1265
2885,13
2885,2722
2888,75
2891,1590
2891,2105
2897,239
2906,2012
2909,3049
2909,1118
2921,771
2930,372
2933,363
2933,466
2936,1419
2939,424
2951,1743
2951,1111
2951,1612
2951,2587
2951,2372
2954,2520
2954,2531
296,2110
2960,2501
2960,270
2960,666
2963,954
2966,99
2972,1672
2978,2447
2990,266
2999,414
3002,292
3008,1010
3020,3090
3023,1612
3026,1213
3041,900
3059,2599
3059,1719
3074,2972
3077,1672
308,2149
308,1212
308,2005
3083,129
3086,394
3092,1078
3095,1714
3098,1050
3101,1528
3104,1691
3107,2328
311,167
311,224
311,839
3119,1697
3122,277
3128,488
3131,1649
3140,892
3146,912
3152,1533
3155,1284
3155,1120
3155,2720
3158,39
3161,2834
3164,1665
3167,420
317,628
317,2593
3176,1478
3179,2506
3182,2954
3188,620
3188,1125
3188,1562
3191,405
32,2634
3200,2037
3200,2062
3203,519
3206,1369
3212,1937
3218,2447
3218,1582
3218,1185
3227,432
323,2437
323,2676
3239,1039
3242,63
3242,1577
3251,653
3251,1932
3254,443
3260,836
3260,114
3263,469
3275,3013
3281,1420
3287,1222
3290,2573
3302,1939
3314,43
332,1996
3320,2258
3323,2242
3326,1880
3329,856
3344,781
35,1091
350,1241
362,1642
38,231
380,1837
380,1608
386,2325
395,194
395,870
395,152
395,44
401,1741
404,1329
41,155
413,1017
413,2881
416,2493
44,724
44,174
440,1037
446,69
449,1401
449,331
449,2089
455,37
461,2812
461,111
464,1981
467,1827
47,806
482,377
485,861
485,1779
485,1266
485,1282
485,1450
485,1269
485,238
491,613
5,2952
512,732
518,1046
524,112
53,897
539,3029
545,1340
545,1500
572,2721
575,2059
575,2594
575,2194
575,906
587,3008
587,30
587,630
587,156
590,184
593,339
602,1617
602,1551
611,2144
611,2985
614,311
62,472
623,76
629,543
629,1523
641,2940
653,2936
659,2005
674,296
68,2098
683,1952
692,599
713,2601
722,854
731,2289
731,2561
734,930
734,182
752,2059
752,2594
752,2194
752,906
755,1054
755,1977
755,2841
755,2701
761,1870
788,283
794,1007
797,1015
806,505
83,2125
839,898
839,1959
839,1704
848,524
866,372
869,2160
869,1063
875,78
878,1017
917,12
920,2331
929,970
929,1547
929,2632
932,1975
932,1014
932,678
944,2406
944,124
947,840
947,560
971,653
1002,2296
1002,2814
1011,836
1014,55
1020,788
1038,775
1041,1291
1041,2765
1047,2820
1047,1821
1050,839
1050,167
1050,224
1053,1456
1059,2525
1062,236
1065,2915
108,675
1083,2269
1086,2320
1086,1288
1089,1039
1089,2295
1092,1591
1095,18
1098,523
1101,1223
1107,87
111,2880
1110,1266
1110,1282
1110,1336
1113,514
1119,3048
1125,1754
1131,1283
1134,3088
1143,2698
1143,815
1170,476
1170,1865
1170,2254
1182,2537
1182,1029
1191,558
12,746
1203,1143
1212,2899
1215,610
1218,2017
1242,2344
1254,1252
1260,2018
1278,1765
1287,684
129,2516
1290,518
1293,156
1293,630
1293,30
1308,225
132,2932
1320,2738
1320,1530
1320,1005
1323,1331
1326,739
1329,271
1341,68
135,156
1350,973
1353,2091
1368,1759
138,342
1380,1963
1380,2037
1380,2460
1380,2062
1401,2522
1404,537
1407,297
141,358
1419,173
1419,124
1419,3000
1419,2406
1422,1320
1428,880
1434,53
1440,126
1446,575
1455,430
1467,1644
1476,657
1482,1406
1485,582
1494,2502
1497,1996
15,2555
1503,1733
1506,2045
1509,368
1509,664
1521,203
1524,233
153,1782
153,2104
1536,1623
1539,2695
1542,2983
1542,908
1548,892
1548,2364
1560,1034
1560,1309
1560,505
1560,1448
1563,1823
1596,1966
1608,1083
1614,1235
1623,2939
1632,2342
1635,605
1638,1417
1644,201
1653,2959
1665,1204
1668,1113
1668,1060
1671,2434
1674,2848
1677,794
168,977
168,2872
1695,2054
1704,614
171,2401
1713,1364
1713,1106
1713,1544
1716,1312
1716,1723
1716,2273
1725,2519
1725,2322
1725,1795
1728,2665
1731,2381
1734,1252
1743,189
1746,912
1749,1071
1755,1329
1755,2433
1758,1100
1761,841
1764,3051
1767,989
177,2319
1773,2293
1776,477
1779,2846
1785,2145
1788,222
1791,109
1794,2214
1797,825
1812,845
1818,2819
1833,878
1842,16
1857,3071
186,2060
1869,900
1872,528
1875,118
1875,310
1878,931
1884,1530
1884,1005
1896,1334
1905,2053
1917,1457
192,1381
192,2080
1923,1367
1926,1321
1956,597
1959,1062
1959,1198
1968,564
1971,2704
1974,1804
1974,759
1977,2563
1983,412
1989,2727
1992,2701
1992,2841
1992,1977
1992,1054
1995,2081
2013,884
2016,324
2028,2629
2034,1035
2037,1327
204,408
2043,1986
2046,996
2061,1067
207,3055
2070,800
2073,2096
2079,1619
2091,1376
2091,2651
210,2
2100,1964
2100,1660
2103,1940
2112,261
2124,1287
2130,1842
2133,1491
2139,1235
2145,3
2154,1496
216,47
2160,938
2160,1925
2169,2702
2181,388
2184,2125
219,1675
2226,1901
2226,2598
2232,1523
2241,1404
2244,2024
2247,3070
2259,659
2262,2744
2268,2864
2271,1299
2280,460
2280,316
2283,3034
2289,362
2298,1673
2298,2803
2298,2308
2301,199
2301,1661
2307,988
2307,1276
231,2039
2313,386
2316,882
2316,769
2331,355
2334,770
2337,262
2343,747
2361,2120
2361,495
2364,1226
2367,1129
2379,1977
2379,1054
2379,2841
2379,2701
2382,664
2382,368
2388,2467
2394,2050
2394,1157
24,191
2400,1567
2421,1377
2421,2052
2427,1740
243,1515
2433,998
2442,2592
2454,861
2454,238
2454,1779
2457,2563
2460,2135
2466,437
2469,2531
2469,2520
2475,1421
2475,60
2475,1987
2478,2726
2481,1399
2481,1337
2487,1266
2487,1336
2487,1282
2499,2248
2508,2374
2511,2426
2514,255
2517,1699
252,220
2526,2680
2529,359
2532,1629
2535,1042
2538,2561
2541,1363
2544,640
255,1273
2550,987
2550,849
2550,1252
2559,548
2568,2724
2571,901
2574,11
2577,1057
2583,2837
2586,753
2589,3089
2598,1757
2604,2601
2607,2212
2607,391
2607,1110
2622,2745
2634,1690
2643,2391
2652,2207
2661,2985
2661,2144
267,242
2685,2587
2685,1743
2685,1510
2685,1612
2688,1864
2691,492
27,98
270,3062
2703,1092
2706,1225
2718,2775
2718,2277
2718,1722
2724,2496
273,914
2733,12
2736,960
2739,1885
2739,2849
2742,1389
2751,2595
2751,1669
2754,1582
2754,2447
2757,417
2766,2246
2769,434
2769,844
2778,541
2781,60
2781,1987
2781,1421
2781,186
2784,327
279,2240
2790,2203
2796,1827
2805,2474
2808,2580
2808,1001
2808,1620
2808,126
2811,1622
2814,2178
2814,2308
2814,312
2817,1636
2820,1579
2838,1901
2838,2598
2844,1414
285,157
2850,1639
2856,3082
2859,308
2871,2029
2877,360
2880,915
2880,869
2883,2319
2904,1885
2904,2849
2907,2657
291,750
2910,385
2913,1169
2916,196
2928,1706
2931,2495
2931,3031
2934,1094
2940,1275
2943,2534
2952,1125
2955,284
2955,178
2958,1466
2961,764
2964,363
2964,466
2964,2186
2970,2934
2979,2378
2985,344
2985,309
2994,340
2994,1238
2994,2205
300,1915
3009,1710
3018,388
3027,1879
303,1878
3030,658
3030,379
3030,1821
3030,2820
3030,2662
3030,2512
3036,2804
3036,457
3036,694
3045,1530
3045,1005
3045,2738
3051,1386
3051,883
3051,1135
3075,2433
3081,966
3081,2601
3084,149
3084,763
3096,1805
3102,3061
3105,508
3108,1848
3120,3011
3120,875
3120,1135
3120,1128
3123,1994
3129,796
3132,562
3138,1744
3153,2972
3153,2089
3159,479
3162,2370
3168,1827
318,463
3183,401
3186,126
3186,1620
3186,2580
3189,2519
3189,1795
3195,1152
3204,377
3210,183
3210,132
3213,1635
3225,2015
3237,2418
324,3027
324,2361
324,151
3246,586
3249,739
3249,1695
3255,1677
3258,636
3267,1609
3276,2159
3279,2405
3279,421
3285,1332
3288,468
3288,1916
33,2106
33,114
330,539
3300,1634
3303,1673
3303,2308
3315,1306
3321,1441
3321,1215
3330,1308
3333,738
3336,946
3339,2899
339,1619
348,3074
366,2220
372,1330
372,1495
372,2435
378,2329
387,1632
39,756
390,2567
393,682
411,9
417,1860
42,1235
42,935
423,267
426,1933
432,2112
438,1
441,1974
441,2502
45,312
453,3000
453,3020
459,1978
465,1901
465,2598
471,1207
474,1718
48,2103
48,625
486,309
486,344
504,893
507,2558
510,2451
513,89
516,592
519,1454
522,2056
525,224
525,839
528,312
528,2308
528,2803
534,1005
534,1530
54,1713
540,1311
540,2060
543,1577
555,949
555,1126
555,2552
558,1089
570,1786
573,792
582,713
585,774
594,641
6,2822
627,1805
630,397
633,163
636,2928
654,619
654,148
654,1766
660,435
663,795
663,2117
672,8
684,282
69,754
702,1123
708,1045
714,2592
72,1329
72,2748
732,3037
747,2462
750,2856
756,294
759,2152
771,716
78,411
780,777
780,388
804,755
822,635
825,779
84,67
843,1623
87,21
876,507
879,1385
891,1182
9,2215
900,2827
900,251
903,1778
903,2253
912,1383
915,644
915,2947
915,2899
924,1387
924,273
945,1034
945,505
948,343
951,41
954,1540
957,312
96,1470
963,3053
969,3035
978,1455
987,870
987,194
987,152
99,2050
993,601
996,441
999,2989
1,429
1021,1340
1021,2781
1024,1551
1024,1617
103,2840
103,2417
1030,1179
1033,750
1054,2998
1057,22
106,1317
1069,2199
1072,1916
1072,468
1078,1160
109,1056
1090,462
1102,934
1108,2211
112,2414
1120,2999
1129,2500
1129,2807
1129,217
1129,1382
1132,464
1141,1413
1153,1427
1159,289
1165,1430
1174,2694
1177,604
118,1439
1192,24
1195,593
1195,97
1195,1196
121,2981
1225,212
1231,1671
1240,1185
1240,1582
1240,2447
1252,751
1255,1599
1258,730
1261,84
1270,139
1270,237
1270,926
1285,707
1285,1473
1288,288
1294,789
1306,502
1318,1212
1318,2005
1318,2149
1321,1110
1324,2609
1327,2236
1336,1519
1345,1850
1348,1942
1348,1804
1366,1389
1366,373
1378,2495
1378,3031
1381,266
139,3025
139,1360
1393,379
1393,1821
1393,658
1399,2434
1414,1968
1417,2711
1420,758
1435,1711
1435,2553
1441,27
145,2535
1453,1674
1480,808
1486,317
1492,2479
1495,1983
1498,190
1504,1127
1507,1542
1519,2201
1525,853
1528,511
1528,1272
1528,1581
1537,1374
1540,739
1540,1695
1540,2356
1549,485
1552,1403
1558,994
1561,284
1561,178
157,467
1573,1017
1573,2881
1579,2611
1579,573
1579,1870
1579,1153
1594,678
1594,117
1594,2088
16,685
16,574
1600,978
1603,86
1603,358
1606,932
1618,2061
1624,2781
1636,200
1642,2296
1645,729
1648,527
1657,215
1660,1722
1660,2775
1663,1515
1684,329
1687,323
169,353
1690,708
1690,1948
1702,828
1711,2339
172,2077
1720,2938
1726,120
1732,1547
1732,970
1732,2632
1735,423
1735,1470
1738,555
1747,413
175,2872
1750,1106
1768,1827
1774,805
1774,1025
1786,2605
1792,367
1792,2013
1795,609
1795,858
1798,2179
1801,2157
1801,482
1801,1327
181,1600
1810,2136
1816,2260
1822,1709
1825,369
1825,1320
1837,489
1864,1065
187,599
1873,679
1876,2410
1882,1524
1885,2173
1885,2551
1897,1615
1903,1586
1906,901
1918,264
1924,876
1927,1227
1927,126
1927,2169
1927,2643
193,175
1930,6
1936,2121
1936,3018
1945,2866
1945,1755
196,1843
1960,1204
1969,2345
1984,1185
1996,1228
1999,486
2023,25
2032,1996
2035,117
2035,678
2035,2088
205,83
2053,572
2071,1050
2074,909
2083,1260
2086,609
2092,1463
2107,2653
211,2169
211,1349
2122,1570
2125,868
2131,2236
2137,310
2137,118
2140,880
2143,2134
2146,1191
2155,357
2158,702
2167,2610
2173,226
2176,841
2179,1294
2179,2750
2194,579
22,1462
220,174
220,724
2203,1718
2212,1555
2224,1758
223,1846
2236,513
2239,301
2242,1920
2242,598
2251,2773
2257,939
2260,152
2260,194
2260,870
2260,44
2266,2361
2266,3027
2266,151
2269,31
2278,1452
2278,374
2278,2741
2281,3092
2281,629
2284,338
2287,2003
229,235
2296,1854
2302,379
2302,658
2302,1821
2302,2662
2308,947
2314,1130
2314,2986
2317,2951
2335,2622
2341,1216
2341,509
2344,567
235,2810
235,182
2356,563
2359,2190
2362,799
2365,2775
2365,2277
2368,2448
2368,2569
2368,1103
2374,481
2377,2219
238,1482
2392,2413
2395,3078
2401,2917
2407,359
2407,507
2416,2006
2422,689
2431,1433
2434,2951
2437,110
2440,561
2452,865
2455,2033
2455,2912
2470,858
2470,609
2473,822
2476,104
2482,280
2485,587
2488,113
2491,942
2494,794
2494,2544
250,905
2500,923
2521,791
2527,652
253,32
2536,753
2542,682
2545,1286
2548,983
2548,965
2557,1963
2557,2037
2557,2460
2557,2062
2560,93
2569,28
2569,209
2572,168
2575,1051
2581,42
2581,54
2593,1003
2599,1333
2605,731
262,1755
262,2866
2620,775
2623,2715
2626,2760
2635,1019
2638,1172
2641,1500
2641,2781
2653,1877
2656,137
2659,2625
2662,504
2662,407
2686,701
2689,393
2689,1298
2695,880
2695,2420
2695,2278
2698,305
2707,1972
2707,82
271,1686
2716,130
2725,1598
274,395
2746,240
2746,1216
2752,247
2764,546
277,1712
2770,1891
2779,2275
2788,902
2794,111
2797,1724
28,789
28,1013
2803,2930
2818,1695
2818,739
2818,2356
2833,1471
2848,148
2848,1766
2848,619
2851,92
2851,1149
2869,1488
2875,1009
2878,1670
2887,1131
2890,2361
2890,3027
2890,151
2893,1753
292,2002
2920,967
2923,2312
2935,1347
2938,473
2947,2020
2953,392
2956,23
2968,2193
2980,1963
2980,2037
2980,2460
2980,2062
2986,556
2986,66
2998,1396
3004,1717
3007,180
3010,2349
3019,2056
3025,545
3028,492
3028,1734
3034,1541
3037,40
3037,2257
304,1948
304,708
3040,162
3049,894
3049,1002
3052,1269
3055,2266
3058,2764
3064,2093
3064,3043
3067,2057
307,510
3073,687
3073,1069
3073,2033
3073,2124
3073,2912
3073,2931
3076,1432
3094,202
31,161
31,2863
3103,709
3118,1362
3127,208
3130,1774
3133,745
3133,1975
3148,2228
3148,2815
3154,1198
3154,1062
3157,2283
3160,1758
3166,2252
3166,977
3169,1728
3187,249
3187,103
3187,3077
3190,1749
3193,2854
3193,1136
3199,871
3202,2524
3217,344
3217,309
322,1234
322,102
3238,2038
3238,1583
3241,686
3247,786
325,17
325,123
3250,949
3250,1126
3250,2552
3256,263
3265,3043
3265,2093
3271,2434
3271,1665
3274,806
3283,204
3286,2432
3301,284
3301,1545
3301,178
3310,1691
3313,1060
3313,1515
3313,2087
3316,828
3322,418
3328,1725
3331,1159
3334,353
3337,321
3337,1553
3340,2491
3343,1203
34,750
340,361
343,445
349,703
355,454
358,1397
361,874
364,7
373,3058
376,3080
382,1142
397,2614
397,821
403,102
403,1234
406,3039
409,1971
412,91
412,1458
415,1408
415,2755
418,2162
427,2853
43,223
454,2819
454,1558
46,2802
460,634
466,944
469,1243
478,139
478,926
487,1571
505,57
508,370
517,2414
52,1105
529,121
532,1710
55,35
550,1526
550,285
568,27
571,1062
571,1198
583,387
583,903
586,1272
586,1581
586,511
592,303
604,2104
604,1782
616,1132
628,90
631,91
631,804
631,2742
631,2962
637,323
640,0
643,569
649,447
658,594
667,2806
67,351
670,1284
682,1707
691,2763
694,2785
7,884
70,2071
703,239
718,2800
721,2982
724,2885
724,1365
724,1941
724,218
733,449
754,2498
757,186
757,1987
757,60
757,1421
760,851
778,2659
781,1580
787,64
79,2745
793,1562
793,620
793,1125
796,188
802,968
808,1425
814,995
817,1838
817,217
817,2500
826,2360
832,2779
844,2461
847,1027
853,743
856,745
856,1014
871,2998
877,3025
877,2552
877,2180
877,1126
877,1816
877,949
877,1378
877,2017
886,1098
895,2480
907,677
91,319
910,2004
910,2638
922,42
922,208
928,1911
943,969
967,2706
973,769
976,2689
979,2211
982,1593
103,2840
1671,2430
1779,2846
2139,369
1038,774
1029,2786
1015,1250
1044,2193
1015,399
1020,788
1015,819
1039,1524
1018,2957
1018,595
103,2963
1015,2536
1020,656
1005,2599
1044,1111
1005,1873
1005,2847
103,2517
1038,702
1007,2398
1432,2273
1652,1189
1134,3088
1480,808
1767,989
1082,1807
1208,303
1255,1599
1350,973
1069,2199
1254,666
1835,788
1790,897
1466,281
1320,2605
1857,3071
1818,221
1120,3036
1036,1619
1441,27
2416,2427
125,8
122,12
1534,23
1407,96
2289,2683
157,1373
151,1548
1270,497
216,35
1290,902
2462,78
1442,1818
2400,15
253,86
1733,1939
2269,55
2407,534
1733,468
216,67
461,111
1526,221
116,448
245,2717
311,167
238,1482
684,2617
2460,1892
2364,1226
1103,849
2904,1885
124,163
604,1405
3326,1880
1623,2939
3168,1827
3210,132
1974,2483
211,2169
2390,1128
38,231
788,283
2752,247
2880,869
2268,2864
1255,297
2586,753
604,2987
1917,1457
1079,260
235,841
3096,2481
2486,976
28,1013
1403,2150
2681,36
2441,132
1835,512
2450,685
339,1619
1733,591
2877,360
192,1381
1728,2665
3008,1010
7,884
2374,481
82,897
285,157
3039,1522
2636,81
3084,578
2707,1979
2707,2450
130,2914
2137,118
2441,337
3210,44
2260,154
2441,44
220,2694
1114,2962
177,202
2636,32
1792,2013
3331,1312
2440,561
3206,1369
2808,1001
2427,1740
2296,1854
1277,2894
2407,507
121,1682
177,84
1776,934
1095,839
1328,165
109,143
1165,798
1453,2669
1385,448
2985,344
971,653
593,339
839,2551
2550,2551
112,2414
1539,282
517,2414
3036,623
1270,983
1028,1650
2203,1718
2844,1414
1368,170
1182,139
1103,2551
1885,2551
1293,1389
1622,596
2482,686
660,623
3210,337
1635,605
1466,94
1769,749
1657,412
2550,987
1548,2364
1014,55
2466,174
3187,213
1446,2078
1466,406
1974,1804
1486,317
2476,195
1787,247
2956,23
1726,219
1321,825
229,2729
1,1439
1492,2479
41,155
2548,983
1950,1804
1904,2462
2354,401
2709,3050
2492,10
2605,731
245,1686
1321,2212
1614,1084
2285,1509
1875,310
2388,266
1400,1482