id1,id2,matching_probability
1,429,1.0
1002,2814,1.0
1011,836,1.0
1014,55,1.0
1019,1993,1.0
1020,788,1.0
1021,2781,1.0
1022,1946,1.0
1024,1551,1.0
1028,1650,1.0
103,2840,1.0
1030,1179,1.0
1034,667,1.0
1037,3011,1.0
1038,775,1.0
1041,1291,1.0
1047,2820,0.9
1057,22,1.0
1059,2525,1.0
106,1317,1.0
1062,236,1.0
1065,2915,1.0
1069,2199,1.0
1070,2063,1.0
1078,1160,1.0
1079,260,0.9
108,675,1.0
1082,1807,1.0
1085,1094,1.0
1089,1039,1.0
109,1056,1.0
1090,462,1.0
1092,1591,1.0
1094,2527,1.0
1095,18,0.95
1098,523,1.0
1101,1223,1.0
1102,934,1.0
1103,987,1.0
1107,87,1.0
1113,514,1.0
1119,3048,1.0
112,2414,1.0
1120,2999,1.0
1124,2905,1.0
1125,1754,1.0
1127,2873,1.0
113,1304,1.0
1131,1283,1.0
1132,464,1.0
1134,3088,1.0
1145,1328,1.0
1153,1427,1.0
1159,289,1.0
116,448,1.0
1163,1469,1.0
1170,476,1.0
1172,16,1.0
1174,2694,1.0
1177,604,1.0
118,1439,1.0
1182,2537,0.95
1184,4,1.0
1191,558,1.0
1192,24,1.0
1193,1594,0.95
1203,1143,1.0
1208,303,1.0
121,2981,1.0
1215,610,0.85
1218,2017,1.0
122,33,1.0
1225,212,1.0
1231,1671,1.0
1238,2400,1.0
1242,2344,1.0
1244,619,1.0
125,106,1.0
1252,751,1.0
1253,1445,1.0
1254,1252,1.0
1255,1599,1.0
1258,730,1.0
1260,2018,1.0
1261,84,1.0
1262,2988,1.0
1270,237,1.0
1277,2894,0.9
1278,1765,1.0
1285,1473,1.0
1286,2383,1.0
1287,684,1.0
1288,288,0.95
129,2516,0.9
1290,518,1.0
1293,30,1.0
1294,789,1.0
1306,502,1.0
1308,225,1.0
1310,921,1.0
1319,1656,1.0
1320,1005,1.0
1321,1110,1.0
1323,1331,1.0
1324,2609,1.0
1326,739,1.0
1328,165,1.0
1329,271,1.0
1331,2224,1.0
1334,156,0.95
1336,1519,1.0
1341,68,1.0
1343,2472,1.0
1345,1850,1.0
1346,142,1.0
1348,1942,1.0
1350,973,1.0
1353,2091,1.0
1366,373,1.0
137,2590,0.9
138,342,1.0
1381,266,1.0
1385,496,1.0
1393,658,1.0
1394,802,0.9
1399,2434,1.0
14,3046,1.0
140,495,1.0
1403,2150,1.0
1404,537,1.0
1407,297,1.0
141,358,1.0
1414,1968,1.0
1419,173,1.0
1420,758,0.9
1424,1268,1.0
143,61,1.0
1430,814,1.0
1434,53,1.0
1440,126,1.0
1441,27,1.0
1442,1036,1.0
1446,575,1.0
1448,97,1.0
145,2535,1.0
1451,1845,1.0
1453,1674,1.0
1457,1044,1.0
146,1876,1.0
1460,1731,1.0
1463,615,1.0
1466,281,1.0
1467,1644,1.0
1469,139,1.0
1475,46,1.0
1476,657,1.0
1480,808,1.0
1485,582,1.0
1486,317,0.95
1492,2479,1.0
1493,3024,0.9
1495,1983,1.0
1498,190,1.0
15,2555,1.0
1502,1117,1.0
1503,1733,1.0
1504,1127,1.0
1506,2045,1.0
1509,368,0.9
1511,529,1.0
1519,2201,1.0
1521,203,1.0
1524,233,1.0
1525,853,1.0
1526,221,1.0
1528,511,1.0
1529,1484,1.0
1537,1374,1.0
1538,491,1.0
1539,2695,1.0
1540,1695,1.0
1542,908,1.0
1544,147,1.0
1547,2561,1.0
1548,2364,1.0
1549,485,1.0
155,2943,1.0
1550,928,1.0
1552,1403,1.0
1558,994,1.0
1560,1034,1.0
1561,284,1.0
1563,1823,1.0
1568,2310,1.0
157,467,1.0
1571,144,1.0
1579,1153,1.0
1580,536,1.0
1594,117,1.0
16,574,1.0
1600,978,1.0
1603,86,1.0
1618,2061,1.0
1622,590,1.0
1623,2939,1.0
1625,3059,1.0
1632,2342,1.0
1634,1214,1.0
1635,605,1.0
1636,200,1.0
1638,1417,1.0
1642,2296,1.0
1643,1655,1.0
1644,201,1.0
1645,729,1.0
1648,527,1.0
1652,1189,1.0
1653,2959,1.0
1657,215,1.0
1660,2775,1.0
1661,2191,1.0
1668,1113,1.0
1674,2848,1.0
1676,341,1.0
1677,794,1.0
168,977,1.0
1684,329,1.0
1685,1000,1.0
1690,708,1.0
1695,2054,1.0
1702,828,0.95
1703,2769,1.0
1704,614,1.0
1709,1180,1.0
171,2401,1.0
1712,3060,1.0
1715,572,1.0
1716,1312,1.0
1718,1251,1.0
172,2077,1.0
1720,2938,1.0
1725,2519,0.9
1726,120,1.0
1728,2665,1.0
173,1788,1.0
1733,133,1.0
1738,555,0.9
1743,189,1.0
1747,413,0.9
1748,1274,1.0
175,2872,1.0
1750,1106,1.0
1755,1329,1.0
1758,1100,1.0
1764,3051,1.0
1767,989,1.0
1769,749,1.0
1773,2293,1.0
1776,477,1.0
1779,2846,1.0
1785,2145,1.0
1786,2605,1.0
1787,169,1.0
1788,222,0.9
1791,109,0.95
1792,367,1.0
1795,609,1.0
1797,825,1.0
1798,2179,1.0
181,1600,1.0
1810,2136,1.0
1816,2260,0.9
1818,2819,1.0
1825,369,1.0
1833,878,1.0
1835,512,1.0
1841,1029,1.0
1847,1357,0.9
1850,2375,1.0
1857,3071,1.0
186,2060,1.0
1864,1065,1.0
187,599,1.0
1872,528,1.0
1875,118,1.0
1876,2410,1.0
1878,931,1.0
188,2770,0.9
1880,135,1.0
1882,1524,0.9
1883,817,1.0
1885,2173,1.0
1886,2473,0.9
1892,431,1.0
1895,1006,1.0
1897,1615,1.0
1898,1319,1.0
1905,2053,1.0
1907,58,1.0
191,1527,1.0
1916,2602,1.0
1918,264,0.9
192,1381,1.0
1923,1367,1.0
1924,876,1.0
1927,1227,1.0
193,175,1.0
1930,6,1.0
1936,3018,1.0
1949,1254,1.0
1950,1804,0.9
1952,474,0.9
1955,2569,1.0
1956,597,1.0
1959,1062,1.0
196,1843,1.0
1960,1204,1.0
1968,564,1.0
1971,2704,1.0
1974,759,1.0
1977,2563,1.0
1979,506,0.85
1983,412,1.0
1989,2727,0.9
1995,2081,0.9
1997,2593,1.0
2,3001,0.9
20,1756,1.0
2009,1200,1.0
2016,324,0.95
2021,2945,1.0
2023,25,1.0
203,637,0.9
2033,2460,1.0
2034,1035,1.0
2036,882,1.0
2037,1327,1.0
2039,2033,1.0
204,408,1.0
2042,1646,1.0
2043,1986,1.0
2045,128,1.0
2046,996,1.0
2048,418,1.0
205,83,1.0
2061,1067,1.0
207,3055,1.0
2070,800,1.0
2071,1050,1.0
2073,2096,1.0
2074,909,1.0
2083,1260,1.0
2084,522,1.0
209,124,1.0
2092,1463,1.0
210,2,1.0
2100,1660,1.0
2103,1940,1.0
2107,2653,1.0
211,2169,1.0
2112,261,1.0
212,1976,1.0
2122,1570,0.9
2125,868,1.0
2126,626,0.9
2131,2236,1.0
2132,2449,1.0
2133,1491,0.8
2137,310,0.9
2139,1235,1.0
2141,34,1.0
2143,2134,1.0
2145,3,1.0
215,686,1.0
2150,645,1.0
2153,1459,1.0
2154,1496,1.0
2155,357,1.0
2158,702,0.95
216,47,1.0
2160,1925,1.0
2169,2702,1.0
2171,28,1.0
2173,226,1.0
2179,1294,1.0
2183,2393,1.0
219,1675,1.0
2194,579,1.0
2198,697,1.0
22,1462,1.0
220,724,1.0
2201,330,1.0
2207,552,1.0
2210,323,1.0
2212,1555,1.0
2225,1618,0.9
2236,513,1.0
2239,301,1.0
224,623,1.0
2241,1404,1.0
2242,598,1.0
2243,2008,1.0
2244,2024,1.0
2247,3070,1.0
2251,2773,1.0
2252,976,1.0
2257,939,1.0
2260,44,1.0
2262,2744,1.0
2266,3027,1.0
2267,1246,1.0
2268,2864,1.0
2269,31,0.9
2273,2079,1.0
2276,2333,1.0
2278,2741,1.0
2280,460,1.0
2281,629,1.0
2284,338,1.0
2289,362,1.0
229,235,1.0
2296,1854,1.0
2297,1538,1.0
2298,1673,1.0
230,1640,0.9
2301,199,1.0
2306,1553,1.0
2307,1276,1.0
2308,947,1.0
2313,386,1.0
2314,1130,1.0
2315,444,1.0
2317,2951,1.0
2327,1840,1.0
2331,355,1.0
2334,770,1.0
2335,2622,1.0
2336,14,0.95
2337,262,1.0
2341,509,1.0
2343,747,1.0
2344,567,1.0
235,182,1.0
2354,1247,0.9
2356,563,1.0
2359,2190,1.0
2362,799,0.9
2363,2762,1.0
2364,1226,1.0
2367,1129,1.0
2368,1103,0.9
2369,2212,1.0
2374,481,1.0
2379,1977,1.0
2388,2467,1.0
2392,2413,1.0
2394,1157,1.0
2395,3078,1.0
2396,2515,1.0
2399,1799,1.0
24,191,1.0
2400,1567,1.0
2401,2917,1.0
2407,507,1.0
2411,2147,1.0
2414,366,1.0
2416,2006,1.0
242,1893,1.0
2421,2052,1.0
2427,1740,0.9
243,1515,1.0
2431,1433,1.0
2433,998,0.9
2435,516,1.0
2437,110,1.0
2441,183,1.0
2450,685,1.0
2452,865,0.95
2453,1025,1.0
2454,861,0.95
2456,1102,1.0
2460,2135,1.0
2462,140,1.0
2466,437,1.0
2470,858,1.0
2475,60,0.8
2476,104,1.0
2477,1738,1.0
248,259,1.0
2480,1245,0.95
2481,1399,1.0
2482,280,1.0
2486,1049,1.0
2487,1282,1.0
2488,113,1.0
2491,942,1.0
2492,10,0.9
2494,2544,1.0
2495,1016,1.0
2499,2248,1.0
250,905,1.0
2508,2374,1.0
2511,2426,1.0
2514,255,1.0
2517,1699,1.0
2519,2611,1.0
252,220,1.0
2521,791,1.0
2525,1285,1.0
2526,2680,1.0
2527,652,0.825
2529,359,1.0
253,32,1.0
2531,1831,1.0
2532,1629,1.0
2535,1042,1.0
2542,682,1.0
2544,640,1.0
2545,1286,1.0
2548,983,1.0
255,1273,1.0
2550,849,1.0
2558,66,1.0
2559,548,1.0
2560,93,1.0
2564,1534,1.0
2568,2724,1.0
2569,209,1.0
257,2314,1.0
2571,901,1.0
2574,11,1.0
2575,1051,1.0
2577,1057,1.0
2579,101,1.0
2581,42,1.0
2586,753,1.0
2589,3089,1.0
2591,2492,1.0
2598,1757,1.0
2599,1333,1.0
260,982,1.0
2603,1408,1.0
2605,731,1.0
2607,391,1.0
2618,707,1.0
2621,2429,1.0
2623,2715,1.0
2624,2278,1.0
2630,691,1.0
2633,985,1.0
2635,1019,1.0
2636,81,1.0
2638,1172,1.0
2643,2391,0.9
2651,2047,1.0
2652,2207,1.0
2653,1877,1.0
2656,137,1.0
266,108,0.95
2661,2985,1.0
267,242,1.0
2672,433,1.0
2675,1280,1.0
2678,275,1.0
2681,36,1.0
2685,2587,0.95
2686,701,1.0
2688,1864,1.0
2689,1298,1.0
2691,492,1.0
2695,2420,1.0
2698,305,1.0
2699,929,1.0
27,98,1.0
270,3062,0.95
2703,1092,1.0
2707,82,1.0
271,1686,1.0
2711,3041,1.0
2714,2325,0.95
2720,2447,1.0
2723,1315,1.0
2724,2496,1.0
2725,1598,0.9
2729,2471,1.0
2736,960,1.0
2738,862,0.9
274,395,1.0
2742,1389,1.0
2746,1216,1.0
2751,2595,1.0
2752,247,1.0
2753,49,1.0
2757,417,1.0
2759,1690,1.0
2764,546,1.0
2766,2246,1.0
2769,844,1.0
277,1712,1.0
2770,1891,1.0
2774,918,1.0
2778,541,1.0
2779,2275,1.0
278,716,1.0
2780,1434,1.0
2781,186,1.0
2784,327,1.0
2788,902,1.0
2790,2203,1.0
2792,1137,0.95
2795,2855,1.0
2797,1724,1.0
2798,470,1.0
28,1013,0.8
2803,2930,1.0
2805,2474,1.0
2808,1620,1.0
2816,2591,1.0
2817,1636,1.0
2819,2253,1.0
2820,1579,1.0
2831,2039,0.9
2833,1471,1.0
2837,584,1.0
2844,1414,1.0
2848,1766,1.0
285,157,0.9
2850,1639,1.0
2851,92,1.0
2855,232,0.95
2856,3082,1.0
2859,308,1.0
2861,1621,1.0
2867,1892,1.0
2869,1488,1.0
2870,455,1.0
2871,2029,1.0
2873,1896,0.9
2875,1009,1.0
2877,360,1.0
2878,1670,0.9
2880,869,1.0
2883,2319,1.0
2885,2722,1.0
2887,1131,0.9
2888,75,1.0
2890,2361,1.0
2893,1753,1.0
2904,1885,1.0
2906,2012,1.0
2907,2657,1.0
2910,385,1.0
2916,196,1.0
292,2002,1.0
2921,771,1.0
2923,2312,1.0
2928,1706,1.0
2930,372,1.0
2933,363,1.0
2935,1347,1.0
2936,1419,0.9
2938,473,1.0
2940,1275,1.0
2943,2534,1.0
2947,2020,1.0
2951,1111,1.0
2952,1125,1.0
2953,392,1.0
2954,2531,1.0
2955,178,1.0
2956,23,1.0
2958,1466,1.0
296,2110,1.0
2960,270,1.0
2961,764,1.0
2963,954,1.0
2964,466,1.0
2970,2934,1.0
2979,2378,1.0
2985,309,1.0
2986,556,1.0
2998,1396,1.0
2999,414,1.0
300,1915,1.0
3002,292,1.0
3007,180,1.0
3008,1010,1.0
3010,2349,1.0
3020,3090,1.0
3025,545,1.0
3026,1213,0.9
3027,1879,1.0
3028,1734,1.0
303,1878,1.0
3030,1821,0.85
3036,694,1.0
3037,40,1.0
304,1948,1.0
3040,162,1.0
3045,1530,1.0
3049,1002,1.0
3052,1269,1.0
3058,2764,1.0
3059,1719,1.0
3064,3043,1.0
307,510,1.0
3073,687,1.0
3075,2433,1.0
3076,1432,1.0
3083,129,1.0
3084,763,1.0
3086,394,1.0
3092,1078,1.0
3094,202,1.0
3095,1714,1.0
3096,1805,1.0
31,161,1.0
3101,1528,1.0
3102,3061,1.0
3103,709,1.0
3104,1691,1.0
3105,508,1.0
3107,2328,1.0
3108,1848,1.0
311,167,1.0
3118,1362,1.0
3119,1697,1.0
3122,277,1.0
3123,1994,1.0
3128,488,1.0
3129,796,1.0
3130,1774,1.0
3131,1649,1.0
3133,745,1.0
3138,1744,1.0
3148,2815,1.0
3152,1533,1.0
3153,2089,1.0
3155,1120,1.0
3158,39,1.0
3159,479,1.0
3160,1758,1.0
3161,2834,1.0
3162,2370,1.0
3166,2252,1.0
3167,420,1.0
3169,1728,1.0
317,628,1.0
3176,1478,1.0
3179,2506,1.0
318,463,1.0
3182,2954,1.0
3183,401,1.0
3186,2580,1.0
3187,249,1.0
3188,1562,1.0
3189,1795,1.0
3190,1749,1.0
3191,405,1.0
3193,1136,1.0
3195,1152,1.0
3200,2062,1.0
3202,2524,1.0
3206,1369,1.0
3210,132,1.0
3212,1937,1.0
3213,1635,1.0
3218,1185,1.0
3225,2015,1.0
3227,432,1.0
3237,2418,1.0
3238,1583,1.0
324,151,1.0
3242,63,1.0
3246,586,1.0
3247,786,1.0
325,123,1.0
3251,1932,1.0
3254,443,1.0
3255,1677,1.0
3256,263,1.0
3258,636,1.0
3263,469,1.0
3267,1609,1.0
3274,806,1.0
3279,421,1.0
3281,1420,1.0
3283,204,0.8
3285,1332,1.0
3286,2432,0.9
3287,1222,1.0
3288,468,1.0
3290,2573,1.0
3300,1634,0.9
3301,1545,1.0
3302,1939,1.0
3313,2087,1.0
3315,1306,0.9
3320,2258,1.0
3321,1215,1.0
3323,2242,1.0
3326,1880,0.9
3328,1725,1.0
3331,1159,1.0
3333,738,1.0
3337,321,1.0
3339,2899,1.0
3340,2491,1.0
3343,1203,1.0
3344,781,1.0
339,1619,1.0
34,750,1.0
340,361,1.0
343,445,1.0
348,3074,1.0
349,703,1.0
35,1091,1.0
350,1241,1.0
355,454,1.0
361,874,1.0
362,1642,1.0
364,7,1.0
366,2220,1.0
372,2435,0.95
373,3058,1.0
376,3080,1.0
378,2329,1.0
38,231,1.0
380,1837,1.0
387,1632,1.0
39,756,1.0
390,2567,1.0
395,870,1.0
397,821,1.0
401,1741,1.0
403,102,1.0
406,3039,1.0
409,1971,1.0
41,155,1.0
411,9,1.0
415,2755,1.0
416,2493,1.0
417,1860,1.0
418,2162,1.0
423,267,0.95
426,1933,1.0
427,2853,1.0
43,223,1.0
432,2112,1.0
438,1,1.0
441,1974,1.0
446,69,0.95
449,331,1.0
453,3020,0.9
454,1558,0.9
455,37,1.0
459,1978,1.0
46,2802,1.0
460,634,1.0
461,111,1.0
464,1981,1.0
466,944,1.0
467,1827,1.0
471,1207,1.0
474,1718,1.0
478,926,1.0
48,625,1.0
482,377,1.0
487,1571,1.0
491,613,1.0
505,57,1.0
507,2558,1.0
508,370,1.0
510,2451,1.0
512,732,1.0
513,89,1.0
516,592,1.0
518,1046,1.0
519,1454,1.0
52,1105,1.0
524,112,1.0
525,224,1.0
529,121,1.0
53,897,0.9
532,1710,1.0
54,1713,0.9
540,1311,1.0
545,1340,1.0
55,35,1.0
550,285,1.0
555,2552,1.0
558,1089,1.0
570,1786,1.0
572,2721,1.0
573,792,1.0
575,2594,1.0
582,713,1.0
583,387,1.0
585,774,1.0
586,1581,1.0
587,3008,1.0
590,184,1.0
593,339,1.0
594,641,1.0
6,2822,1.0
602,1617,1.0
604,1782,1.0
611,2144,1.0
614,311,1.0
616,1132,1.0
62,472,1.0
623,76,1.0
628,90,1.0
629,543,1.0
630,397,1.0
633,163,1.0
636,2928,1.0
640,0,1.0
641,2940,1.0
643,569,1.0
649,447,1.0
653,2936,1.0
654,148,1.0
658,594,1.0
659,2005,1.0
660,435,0.9
663,2117,1.0
67,351,1.0
670,1284,1.0
672,8,1.0
674,296,1.0
682,1707,1.0
683,1952,1.0
684,282,1.0
69,754,1.0
7,884,1.0
70,2071,1.0
702,1123,1.0
703,239,1.0
708,1045,1.0
714,2592,1.0
718,2800,1.0
72,2748,1.0
721,2982,1.0
722,854,1.0
724,1365,1.0
733,449,1.0
734,930,1.0
747,2462,1.0
750,2856,1.0
752,2059,1.0
754,2498,0.9
756,294,1.0
760,851,1.0
761,1870,1.0
78,411,1.0
780,777,1.0
781,1580,1.0
787,64,1.0
788,283,1.0
79,2745,1.0
793,620,1.0
794,1007,1.0
796,188,1.0
797,1015,1.0
804,755,1.0
806,505,1.0
808,1425,1.0
814,995,1.0
822,635,1.0
825,779,1.0
826,2360,1.0
83,2125,1.0
832,2779,0.9
839,898,1.0
84,67,1.0
844,2461,1.0
847,1027,1.0
848,524,1.0
853,743,1.0
869,2160,1.0
87,21,1.0
871,2998,1.0
875,78,1.0
879,1385,1.0
886,1098,1.0
891,1182,1.0
895,2480,1.0
9,2215,1.0
900,2827,1.0
907,677,1.0
910,2638,1.0
912,1383,1.0
915,644,1.0
917,12,1.0
920,2331,1.0
922,208,0.9
924,273,1.0
928,1911,1.0
929,2632,1.0
932,1014,1.0
943,969,1.0
947,560,1.0
948,343,1.0
951,41,1.0
954,1540,1.0
957,312,1.0
96,1470,1.0
967,2706,0.9
969,3035,1.0
971,653,1.0
973,769,1.0
978,1455,1.0
979,2211,0.8
982,1593,1.0
987,152,1.0
999,2989,1.0